$ 1 0.000005 27.727228452313398 50 5 43 5e-11
154 608 -32 704 -32 0 2 0 5
150 832 192 944 192 0 8 5 5
L 432 144 400 144 0 0 false 5 0
L 432 128 400 128 0 0 false 5 0
L 432 160 400 160 0 0 false 5 0
L 432 176 400 176 0 1 false 5 0
L 432 80 400 80 0 0 false 5 0
L 432 64 400 64 0 1 false 5 0
L 432 96 400 96 0 0 false 5 0
L 432 112 400 112 0 0 false 5 0
L 432 288 400 288 0 0 false 5 0
L 432 304 400 304 0 0 false 5 0
L 432 320 400 320 0 0 false 5 0
L 432 336 400 336 0 1 false 5 0
L 432 272 400 272 0 0 false 5 0
L 432 256 400 256 0 0 false 5 0
L 432 240 400 240 0 0 false 5 0
L 432 224 400 224 0 1 false 5 0
I 704 -32 768 -32 0 0.5 5
I 704 32 768 32 0 0.5 5
154 608 32 704 32 0 2 0 5
I 704 96 768 96 0 0.5 5
154 608 96 704 96 0 2 0 5
I 704 160 768 160 0 0.5 5
154 608 160 704 160 0 2 0 5
I 704 224 768 224 0 0.5 5
154 608 224 704 224 0 2 0 5
I 704 288 768 288 0 0.5 5
154 608 288 704 288 0 2 0 5
I 704 352 768 352 0 0.5 5
154 608 352 704 352 0 2 0 5
I 704 416 768 416 0 0.5 5
154 608 416 704 416 0 2 0 5
w 768 -32 832 128 0
w 768 32 832 144 0
w 768 96 832 160 0
w 768 160 832 176 0
w 768 224 832 208 0
w 768 288 832 224 0
w 768 352 832 240 0
w 768 416 832 256 0
150 944 176 1024 176 0 2 0 5
w 944 -96 944 160 0
155 1344 160 1392 160 10 0
155 1616 160 1664 160 10 0
w 944 192 944 368 0
w 944 368 1184 368 0
L 944 -96 400 -96 0 0 false 5 0
L 2480 80 2432 80 0 0 false 5 0
155 1920 160 1968 160 10 0
w 1344 224 1264 224 0
w 1616 224 1552 224 0
w 1552 224 1552 368 0
w 1552 368 1264 368 0
w 1264 224 1264 368 0
w 1264 368 1184 368 0
w 1216 400 1216 192 0
w 1216 192 1344 192 0
w 1616 192 1504 192 0
w 1504 192 1504 400 0
w 1504 400 1216 400 0
w 1504 400 1808 400 0
w 1808 400 1808 192 0
w 1808 192 1920 192 0
w 1920 224 1920 368 0
w 1920 368 1552 368 0
w 1440 160 1616 160 0
w 1712 160 1920 160 0
w 2016 224 2080 224 0
w 2080 224 2080 336 0
w 2080 336 1328 336 0
w 1328 96 1328 160 0
w 1328 160 1344 160 0
150 1408 -160 1408 -256 0 2 5 5
150 1552 -160 1552 -256 0 2 0 5
150 1696 -160 1696 -256 0 2 0 5
150 1840 -160 1840 -256 0 2 0 5
M 1392 -352 1392 -384 0 2.5
M 1536 -352 1536 -384 0 2.5
M 1680 -352 1680 -384 0 2.5
M 1824 -352 1824 -384 0 2.5
w 1440 224 1440 96 0
w 1616 160 1616 96 0
w 1712 224 1712 96 0
w 1920 160 1920 96 0
w 2016 160 2016 96 0
w 1328 336 1328 160 0
150 1984 -160 1984 -256 0 2 0 5
155 2192 160 2240 160 10 0
w 1984 -256 2064 -256 0
w 2128 400 2128 192 0
w 2128 192 2192 192 0
w 2192 224 2192 368 0
w 2192 368 1920 368 0
150 1024 192 1104 192 0 2 0 5
150 1824 -256 1824 -352 0 2 0 5
150 1680 -256 1680 -352 0 2 0 5
150 1536 -256 1536 -352 0 2 0 5
150 1392 -256 1392 -352 0 2 0 5
w 1216 192 1216 -256 0
w 1216 -256 1376 -256 0
w 1376 -256 1520 -256 0
w 1520 -256 1664 -256 0
w 1664 -256 1808 -256 0
w 1104 192 1216 192 0
w 2288 224 2320 224 0
w 2320 224 2320 480 0
w 2320 480 1024 480 0
w 1024 208 1024 480 0
w 1392 -160 1328 96 0
w 1424 -160 1712 96 0
w 1536 -160 1328 96 0
w 1568 -160 1920 96 0
w 1680 -160 1616 96 0
w 1440 96 1824 -160 0
w 1856 -160 1920 96 0
w 2000 -160 2016 96 0
w 1712 -160 2016 96 0
w 1968 -160 1712 96 0
w 432 64 608 -48 0
w 608 -16 432 224 0
w 432 80 608 16 0
w 432 96 608 80 0
w 432 112 608 144 0
w 432 128 608 208 0
w 432 144 608 272 0
w 432 160 608 336 0
w 432 176 608 400 0
w 432 240 608 48 0
w 432 256 608 112 0
w 432 272 608 176 0
w 432 288 608 240 0
w 432 304 608 304 0
w 432 320 608 368 0
w 432 336 608 432 0
L 864 -288 560 -288 0 0 false 5 0
w 1808 400 2128 400 0
w 2192 -256 2192 160 0
w 2192 -256 2064 -256 0
x 1303 101 1318 104 4 24 1
x 1414 100 1429 103 4 24 2
x 1584 101 1599 104 4 24 3
x 1678 104 1693 107 4 24 4
x 1883 108 1898 111 4 24 5
x 1987 108 2002 111 4 24 6
x 1382 276 1397 279 4 24 0
x 1659 273 1674 276 4 24 1
x 1972 271 1987 274 4 24 2
x 2235 267 2250 270 4 24 3
38 44 F1 3 1 1000 -1 High\sLogic\sVoltage
