$ 1 0.000005 10.20027730826997 54 5 50 5e-11
r 240 176 240 96 0 4700
r 336 96 336 176 0 1000
w 336 176 336 240 0
M 336 176 384 208 0 2.5
w 240 96 336 96 0
t 288 256 336 256 0 1 -4.509536046808416 0.47929962367344986 100 default
d 240 256 288 256 2 default
d 240 256 192 256 2 default
L -176 368 -240 368 0 1 false 5 0
d 240 224 192 224 2 default
d 240 288 192 288 2 default
w 240 176 240 224 0
w 240 224 240 256 0
w 240 256 240 288 0
x 254 218 324 221 4 24 NAND
d -32 240 -80 240 2 default
d -32 240 16 240 2 default
t 16 240 64 240 0 1 0.5884204193028891 0.6473841587367016 100 default
w -32 176 64 176 0
M 64 224 112 240 0 2.5
r 64 176 64 224 0 1000
r -32 240 -32 176 0 4700
g 64 288 64 304 0 0
w -80 240 -176 240 0
w 64 224 192 224 0
w 336 176 416 176 0
x -43 286 8 289 4 24 NOT
x -325 256 -285 259 4 24 WR
x -329 308 -294 311 4 24 RD
x -364 383 -274 386 4 24 SELECT
w -176 368 96 368 0
w 192 288 192 368 0
w 192 368 96 368 0
w 192 256 144 272 0
w 144 272 96 336 0
w 96 336 -128 336 0
w -128 336 -160 304 0
w -160 304 -176 304 0
L -176 304 -240 304 0 1 false 5 0
L -176 240 -240 240 0 1 false 5 0
420 -64 48 48 48 0 16
R -64 48 -160 48 0 0 40 5 0 0 0.5
w 80 -16 48 -16 0
w 48 -16 48 48 0
w 64 256 64 288 0
w 240 96 80 -16 0
w 80 -16 96 128 0
w 96 128 -32 144 0
w -32 144 -32 176 0
g 336 272 336 320 0 0
