$ 1 0.000005 3.5993318835628396 54 5 43 5e-11
v -112 368 -112 272 0 0 40 24 0 0 0.5
162 592 80 656 80 2 default-led 1 0 0 0.01
162 656 48 592 48 2 default-led 0 0 1 0.01
r 656 48 752 48 0 16000
r 656 80 752 80 0 16000
w 288 96 288 48 0
w 288 48 -112 48 0
w -112 48 -112 272 0
w 288 128 288 368 0
w 288 368 96 368 0
t 32 240 64 240 0 1 -23.9865281071942 2.4086528095473074e-7 100 default
r 32 240 -32 240 0 1000
r 32 240 32 304 0 10000
w 592 48 560 48 1
w 560 48 560 80 0
w 560 80 592 80 1
r 112 160 112 224 0 500
w -16 176 -112 48 0
w 112 224 64 224 0
w 32 304 96 304 0
w 64 256 96 256 0
w 96 256 96 304 0
w 96 304 96 368 0
w 96 368 -112 368 0
s -80 240 -32 240 0 1 true
w -80 240 -96 240 0
w -96 240 -96 192 0
w -96 192 -16 176 0
w 64 112 -16 176 0
l 112 160 112 112 0 1 -0.00002694330388178575 0
f 320 496 384 496 32 1.5 0.02
r 320 448 320 496 0 680000
r 320 496 320 544 0 200000
r 384 432 384 480 0 5000
162 384 384 384 432 2 default-led 1 0 0 0.01
w 384 512 384 560 0
w 384 560 320 560 0
w 320 544 320 560 0
w 320 560 224 560 0
w 384 384 288 96 0
w 224 560 96 368 0
w 752 48 752 16 0
w 752 16 432 16 0
w 432 16 288 96 0
w 752 80 752 128 0
w 752 128 288 128 0
f 528 464 576 464 33 1.5 0.02
r 528 560 432 560 0 1000
162 592 560 528 560 2 default-led 0 0 1 0.01
r 528 336 528 464 0 200000
r 528 464 464 464 0 330000
w 576 480 592 560 0
w 432 560 384 560 0
w 576 336 288 96 0
w 528 336 576 336 0
w 576 336 576 448 0
p 240 448 240 512 1 0 0
p 624 352 624 384 1 0 0
w 624 384 528 464 0
w 624 352 576 336 0
w 240 448 320 496 0
w 240 512 320 560 0
w 64 64 112 64 0
w 560 -32 592 -32 1
w 592 -64 560 -64 1
r 656 -32 752 -32 0 16000
r 656 -64 752 -64 0 16000
162 656 -64 592 -64 2 default-led 0 0 1 0.01
162 592 -32 656 -32 2 default-led 1 0 0 0.01
w 752 -64 752 -112 0
w 752 -112 464 -96 0
w 464 -96 432 16 0
w 752 -32 848 -32 0
w 848 -32 848 128 0
w 752 128 848 128 0
w 560 -64 560 -32 0
w 560 -32 496 -32 0
w 496 64 560 80 0
s 496 -32 496 64 0 0 false
s 112 64 112 112 0 0 false
w 64 64 64 112 0
w 320 384 224 304 0
w 464 336 224 304 0
s 224 304 176 272 0 0 false
w 176 272 112 224 0
w 496 64 240 176 0
s 240 176 192 208 0 1 false
w 192 208 112 224 0
d 464 464 464 416 2 default
w 464 416 464 336 0
d 320 384 320 448 2 default
