$ 1 0.000005 10.20027730826997 50 5 43 5e-11
s -96 208 -32 208 0 1 true
v -240 416 -240 144 0 0 40 24 0 0 0.5
s -96 352 -32 352 0 1 true
r 192 160 272 160 0 1000
162 336 160 272 160 2 default-led 0 0 1 0.01
w -240 144 -96 144 0
w -96 144 -96 208 0
w -96 352 -96 416 0
w -240 416 -96 416 0
w -32 352 0 352 0
w 0 352 0 304 0
w -32 208 0 208 0
w 0 208 0 272 0
w 0 304 0 272 0
w 0 272 192 272 0
w 192 272 448 272 2
w 192 272 192 224 1
162 272 416 336 416 2 default-led 1 0 0 0.01
r 192 416 272 416 0 1000
w 192 336 192 416 1
w 336 416 384 416 0
w 384 416 384 464 0
w 384 464 32 464 0
w -96 416 -96 464 0
w 336 160 384 160 0
w 384 160 384 96 0
w 384 96 48 96 0
w -96 96 -96 144 0
w 32 464 -96 464 1
w 48 96 -96 96 1
r 448 192 448 272 0 1000
r 448 272 448 352 0 1000
w 448 416 448 464 1
w 384 464 448 464 0
w 448 128 448 96 1
w 384 96 448 96 0
s 448 128 448 192 0 1 false
s 448 352 448 416 0 0 false
p 272 208 336 208 1 0 0
w 336 160 336 208 0
w 272 160 272 208 0
w 272 416 272 368 0
w 336 416 336 368 0
p 272 368 336 368 1 0 0
t 608 384 640 384 0 1 -23.261197204366784 0.29533873948552175 100 default
t 576 160 608 160 0 -1 -0.5665134921156039 -0.6591966209830034 100 default
r 608 384 544 384 0 51000
r 608 384 608 448 0 100000
w 448 272 528 272 0
w 528 272 528 384 1
w 528 384 544 384 0
w 608 448 608 464 0
w 448 464 608 464 0
w 640 400 640 464 0
w 608 464 640 464 0
w 640 272 720 272 0
w 448 96 576 96 0
r 640 272 640 320 0 2000
162 640 320 640 368 2 default-led 1 0 0 0.01
s 192 160 192 224 0 1 false
s 192 272 192 336 0 1 false
r 576 160 528 160 0 51000
r 576 160 576 96 0 100000
w 528 160 528 272 1
w 720 272 720 96 1
w 576 96 608 96 0
162 608 176 608 208 2 default-led 0 0 1 0.01
r 608 256 608 208 0 2000
w 608 256 768 256 0
w 768 256 768 464 1
w 640 464 768 464 0
w 608 144 608 96 0
w 608 96 720 96 0
w 640 400 672 400 0
w 736 352 736 400 0
p 672 400 736 400 1 0 0
w 736 352 688 352 0
w 688 352 608 384 0
